         2
*444444444
----------
         8
        8
       8
      8
     8
    8
   8
  8
 8
 ---------
 888888888

111
+22
---
133

1000
  -1
 ---
 999

 444
-444
----
   0

 555
+555
----
1110

33555
 +555
-----
34110

   4
+999
----
1003

        1
+10000000
---------
 10000001

     2
*22222
------
     4
    4
   4
  4
 4
 -----
 44444

 112
 *16
 ---
 672
112
----
1792

  12
*116
----
  72
 12
12
----
1392

  11876411
      *226
  --------
  71258466
 23752822
23752822
----------
2684068886

 99
 +1
---
100

    101010
    *10101
    ------
    101010
        0
  101010
      0
101010
----------
1020302010

 9999
   +9
-----
10008

 1
+1
--
 2

 5
+6
--
11

 8
-3
--
 5

11
-2
--
 9

100000000
       -1
 --------
 99999999

100000000
       +1
---------
100000001

          9
+9999999999
-----------
10000000008

                     1000
+999999999999999999999993
-------------------------
1000000000000000000000993

 1
*1
--
 1

 2
*2
--
 4

           1
*10000001111
------------
           1
          1
         1
        1
       0
      0
     0
    0
   0
  0
 1
 -----------
 10000001111

      8888888
      *999999
     --------
     79999992
    79999992
   79999992
  79999992
 79999992
79999992
-------------
8888879111112

10000
   -1
 ----
 9999

100001
    -1
------
100000

10000
-9999
-----
    1

451
 *1
---
451

   1
*451
----
   1
  5
 4
 ---
 451

    6
*2011
-----
    6
   6
  0
12
-----
12066

 9999
+9999
-----
19998

   9999
-999835
-------
-989836

